% Intrinsic and Extrinsic Camera Parameters
%
% This script file can be directly executed under Matlab to recover the camera intrinsic and extrinsic parameters.
% IMPORTANT: This file contains neither the structure of the calibration objects nor the image coordinates of the calibration points.
%            All those complementary variables are saved in the complete matlab data file Calib_Results.mat.
% For more information regarding the calibration model visit http://www.vision.caltech.edu/bouguetj/calib_doc/


%-- Focal length:
fc = [ 706.944283108571312 ; 708.799638220885186 ];

%-- Principal point:
cc = [ 540.588037256261259 ; 256.009192785931020 ];

%-- Skew coefficient:
alpha_c = 0.000000000000000;

%-- Distortion coefficients:
kc = [ 0.105991977137743 ; -0.143125756667278 ; -0.013118743815811 ; 0.001129527003492 ; 0.000000000000000 ];

%-- Focal length uncertainty:
fc_error = [ 2.740795797107402 ; 2.803492350617223 ];

%-- Principal point uncertainty:
cc_error = [ 2.894634671422037 ; 4.380131761341256 ];

%-- Skew coefficient uncertainty:
alpha_c_error = 0.000000000000000;

%-- Distortion coefficients uncertainty:
kc_error = [ 0.006067885873199 ; 0.008723038624732 ; 0.001764896491221 ; 0.001357955904752 ; 0.000000000000000 ];

%-- Image size:
nx = 1090;
ny = 603;


%-- Various other variables (may be ignored if you do not use the Matlab Calibration Toolbox):
%-- Those variables are used to control which intrinsic parameters should be optimized

n_ima = 35;						% Number of calibration images
est_fc = [ 1 ; 1 ];					% Estimation indicator of the two focal variables
est_aspect_ratio = 1;				% Estimation indicator of the aspect ratio fc(2)/fc(1)
center_optim = 1;					% Estimation indicator of the principal point
est_alpha = 0;						% Estimation indicator of the skew coefficient
est_dist = [ 1 ; 1 ; 1 ; 1 ; 0 ];	% Estimation indicator of the distortion coefficients


%-- Extrinsic parameters:
%-- The rotation (omc_kk) and the translation (Tc_kk) vectors for every calibration image and their uncertainties

%-- Image #1:
omc_1 = [ 1.942344e+00 ; 2.401004e+00 ; -1.305530e-01 ];
Tc_1  = [ -2.820961e+01 ; -6.964531e+01 ; 6.547493e+02 ];
omc_error_1 = [ 8.459520e-03 ; 9.325606e-03 ; 2.123858e-02 ];
Tc_error_1  = [ 2.675121e+00 ; 4.020828e+00 ; 2.921166e+00 ];

%-- Image #2:
omc_2 = [ 2.394394e+00 ; -1.929520e+00 ; 9.566187e-02 ];
Tc_2  = [ 1.114138e+02 ; 2.574675e+02 ; 6.245815e+02 ];
omc_error_2 = [ 7.530779e-03 ; 6.138574e-03 ; 1.446106e-02 ];
Tc_error_2  = [ 2.667178e+00 ; 3.970793e+00 ; 2.709587e+00 ];

%-- Image #3:
omc_3 = [ 2.413706e+00 ; -1.927568e+00 ; 1.172040e-01 ];
Tc_3  = [ 3.387347e+02 ; 2.560403e+02 ; 6.271974e+02 ];
omc_error_3 = [ 4.802985e-03 ; 6.069959e-03 ; 1.112228e-02 ];
Tc_error_3  = [ 2.851593e+00 ; 4.115359e+00 ; 3.016972e+00 ];

%-- Image #4:
omc_4 = [ 2.039194e+00 ; -2.333765e+00 ; 1.600950e-01 ];
Tc_4  = [ 3.985255e+02 ; 5.160089e+00 ; 6.484356e+02 ];
omc_error_4 = [ 2.709160e-03 ; 6.318163e-03 ; 1.218110e-02 ];
Tc_error_4  = [ 2.778482e+00 ; 4.242170e+00 ; 3.243286e+00 ];

%-- Image #5:
omc_5 = [ 2.132141e+00 ; -2.235050e+00 ; 1.533892e-01 ];
Tc_5  = [ 4.033075e+02 ; 7.034790e+01 ; 6.407440e+02 ];
omc_error_5 = [ 3.218256e-03 ; 6.288254e-03 ; 1.184327e-02 ];
Tc_error_5  = [ 2.783098e+00 ; 4.211952e+00 ; 3.203826e+00 ];

%-- Image #6:
omc_6 = [ 2.230556e+00 ; -2.135338e+00 ; 1.392534e-01 ];
Tc_6  = [ 3.966007e+02 ; 1.569675e+02 ; 6.329081e+02 ];
omc_error_6 = [ 3.925984e-03 ; 6.287449e-03 ; 1.151765e-02 ];
Tc_error_6  = [ 2.816689e+00 ; 4.179686e+00 ; 3.143620e+00 ];

%-- Image #7:
omc_7 = [ -2.229800e+00 ; 2.035247e+00 ; -1.223775e-01 ];
Tc_7  = [ -2.418948e+02 ; 5.095889e+01 ; 6.106133e+02 ];
omc_error_7 = [ 7.267672e-03 ; 8.574202e-03 ; 1.407953e-02 ];
Tc_error_7  = [ 2.659760e+00 ; 3.851467e+00 ; 2.568717e+00 ];

%-- Image #8:
omc_8 = [ 2.319054e+00 ; -2.064382e+00 ; 3.385308e-01 ];
Tc_8  = [ -2.496720e+02 ; 1.767073e+02 ; 5.906437e+02 ];
omc_error_8 = [ 8.291129e-03 ; 3.833228e-03 ; 1.765154e-02 ];
Tc_error_8  = [ 2.479469e+00 ; 3.802762e+00 ; 3.019100e+00 ];

%-- Image #9:
omc_9 = [ 2.240329e+00 ; -2.162280e+00 ; 3.217895e-02 ];
Tc_9  = [ -1.515689e+02 ; 1.145241e+02 ; 6.385528e+02 ];
omc_error_9 = [ 6.784762e-03 ; 4.426486e-03 ; 1.243202e-02 ];
Tc_error_9  = [ 2.693931e+00 ; 3.981806e+00 ; 2.694869e+00 ];

%-- Image #10:
omc_10 = [ 2.162485e+00 ; 2.207656e+00 ; -7.229820e-02 ];
Tc_10  = [ 1.561327e+02 ; 9.282051e+00 ; 6.439266e+02 ];
omc_error_10 = [ 6.809591e-03 ; 4.004130e-03 ; 1.158925e-02 ];
Tc_error_10  = [ 2.725797e+00 ; 4.009320e+00 ; 2.800073e+00 ];

%-- Image #11:
omc_11 = [ 2.159499e+00 ; 2.226959e+00 ; -8.946837e-02 ];
Tc_11  = [ -1.389086e+01 ; 1.339804e+01 ; 6.435093e+02 ];
omc_error_11 = [ 8.760395e-03 ; 7.041803e-03 ; 1.711639e-02 ];
Tc_error_11  = [ 2.640228e+00 ; 3.988179e+00 ; 2.910395e+00 ];

%-- Image #12:
omc_12 = [ 6.680178e-01 ; 2.618796e+00 ; -1.099951e+00 ];
Tc_12  = [ 3.057983e+01 ; 3.424898e+01 ; 9.421036e+02 ];
omc_error_12 = [ 2.661630e-03 ; 6.843263e-03 ; 9.768348e-03 ];
Tc_error_12  = [ 3.856129e+00 ; 5.852238e+00 ; 3.752170e+00 ];

%-- Image #13:
omc_13 = [ 6.281585e-01 ; 2.502992e+00 ; -1.323625e+00 ];
Tc_13  = [ 2.047887e+02 ; 2.040081e+02 ; 9.216781e+02 ];
omc_error_13 = [ 3.019030e-03 ; 6.698878e-03 ; 8.617796e-03 ];
Tc_error_13  = [ 3.844027e+00 ; 5.866502e+00 ; 3.768694e+00 ];

%-- Image #14:
omc_14 = [ -2.711732e-01 ; -2.861735e+00 ; 8.744883e-01 ];
Tc_14  = [ 3.335480e+02 ; 9.694025e+01 ; 6.040691e+02 ];
omc_error_14 = [ 2.939858e-03 ; 7.144486e-03 ; 1.105474e-02 ];
Tc_error_14  = [ 2.517299e+00 ; 3.990428e+00 ; 2.948542e+00 ];

%-- Image #15:
omc_15 = [ -1.708643e-01 ; -2.983626e+00 ; 7.443670e-01 ];
Tc_15  = [ 2.431541e+02 ; -1.329485e+01 ; 6.324794e+02 ];
omc_error_15 = [ 2.255617e-03 ; 6.201200e-03 ; 1.038356e-02 ];
Tc_error_15  = [ 2.610360e+00 ; 3.968058e+00 ; 2.781856e+00 ];

%-- Image #16:
omc_16 = [ 6.270675e-01 ; 2.825462e+00 ; -6.220497e-01 ];
Tc_16  = [ 1.321015e+02 ; -5.716476e+01 ; 6.569660e+02 ];
omc_error_16 = [ 2.114611e-03 ; 5.637478e-03 ; 9.987888e-03 ];
Tc_error_16  = [ 2.679883e+00 ; 4.046383e+00 ; 2.740936e+00 ];

%-- Image #17:
omc_17 = [ 1.810115e+00 ; 2.047097e+00 ; -4.445839e-01 ];
Tc_17  = [ -7.553225e+01 ; -1.663911e+02 ; 7.724900e+02 ];
omc_error_17 = [ 4.213745e-03 ; 5.122910e-03 ; 8.283724e-03 ];
Tc_error_17  = [ 3.170948e+00 ; 4.705983e+00 ; 3.348936e+00 ];

%-- Image #18:
omc_18 = [ 2.092938e+00 ; 1.674909e+00 ; -1.126260e-01 ];
Tc_18  = [ -9.318228e+00 ; -1.289660e+02 ; 6.320943e+02 ];
omc_error_18 = [ 5.248390e-03 ; 3.492129e-03 ; 7.186742e-03 ];
Tc_error_18  = [ 2.604889e+00 ; 3.831042e+00 ; 2.765416e+00 ];

%-- Image #19:
omc_19 = [ 1.633480e+00 ; 1.800358e+00 ; -8.651834e-01 ];
Tc_19  = [ 8.041054e+00 ; -2.176530e+01 ; 4.578502e+02 ];
omc_error_19 = [ 4.074145e-03 ; 4.660258e-03 ; 6.217262e-03 ];
Tc_error_19  = [ 1.860998e+00 ; 2.814027e+00 ; 1.691817e+00 ];

%-- Image #20:
omc_20 = [ 7.502171e-01 ; 2.299720e+00 ; -1.690191e+00 ];
Tc_20  = [ 1.818412e+02 ; 3.472176e+01 ; 5.634842e+02 ];
omc_error_20 = [ 3.208999e-03 ; 6.666481e-03 ; 6.686206e-03 ];
Tc_error_20  = [ 2.317234e+00 ; 3.539053e+00 ; 2.088300e+00 ];

%-- Image #21:
omc_21 = [ 9.930477e-01 ; -1.671078e+00 ; 1.200430e+00 ];
Tc_21  = [ 2.858159e+02 ; 9.451019e+01 ; 4.349755e+02 ];
omc_error_21 = [ 3.540786e-03 ; 5.323599e-03 ; 5.791822e-03 ];
Tc_error_21  = [ 1.854776e+00 ; 2.948638e+00 ; 2.415128e+00 ];

%-- Image #22:
omc_22 = [ 1.577311e+00 ; 6.912701e-01 ; -6.349282e-01 ];
Tc_22  = [ -1.968894e+01 ; 9.245431e+01 ; 4.704600e+02 ];
omc_error_22 = [ 5.515117e-03 ; 3.633665e-03 ; 3.860412e-03 ];
Tc_error_22  = [ 1.957770e+00 ; 2.926051e+00 ; 1.676973e+00 ];

%-- Image #23:
omc_23 = [ 1.821224e+00 ; -7.979076e-01 ; 8.281999e-01 ];
Tc_23  = [ -1.221238e+02 ; 5.656572e+01 ; 2.898299e+02 ];
omc_error_23 = [ 5.693263e-03 ; 4.101499e-03 ; 4.116321e-03 ];
Tc_error_23  = [ 1.258883e+00 ; 1.875506e+00 ; 1.657149e+00 ];

%-- Image #24:
omc_24 = [ 2.038115e-01 ; -2.741568e+00 ; 4.259313e-02 ];
